<?xml version="1.0" encoding="utf-8"?><svg xmlns="http://www.w3.org/2000/svg" xmlns:xlink="http://www.w3.org/1999/xlink" width="1134" height="685" preserveAspectRatio="xMidYMid" viewBox="0 0 1134 685" style="z-index:1;margin-right:-2px;display:block;background-repeat-y:initial;background-repeat-x:initial;background-color:rgb(238, 232, 240);animation-play-state:paused" ><g transform="" style="animation-play-state:paused" ><style type="text/css" style="animation-play-state:paused" >@keyframes ld-fall {
    0% { transform: translate(0,0px) rotate3d(1,1,1,0deg); }
    100% { transform: translate(0,685px) rotate3d(1,1,1,1080deg) ; }
  }
  .ld.ld-fall {
    animation: ld-fall 4s linear infinite;
    animation: ld-fall 1s linear infinite;
  }</style>

  
<g transform="translate(0 459.15412044713094)" style="transform:matrix(1, 0, 0, 1, 0, 459.154);animation-play-state:paused" ><g transform="translate(925.0311694473996 0)" style="transform:matrix(1, 0, 0, 1, 925.031, 0);animation-play-state:paused" ><g class="ld ld-fall" style="transform:matrix(1, 0, 0, 1, 0, 0);animation-play-state:paused;animation-duration:2s" ><rect x="-3.5341703363727546" y="-4.982043998227203" width="7.068340672745509" height="9.964087996454406" fill="#d8f05b" style="transform:matrix(1.6355, 0, 0, 1.6355, 0, 0);animation-play-state:paused" ></rect></g></g>
<g transform="translate(421.32858539295125 0)" style="transform:matrix(1, 0, 0, 1, 421.329, 0);animation-play-state:paused" ><g class="ld ld-fall" style="transform:matrix3d(0.986516, 0.122276, -0.108791, 0, -0.108791, 0.986516, 0.122276, 0, 0.122276, -0.108791, 0.986516, 0, 0, 463.988, 0, 1);animation-play-state:paused;animation-duration:2s;animation-delay:-1.35471s" ><rect x="-3.5752755217875136" y="-4.271299036892189" width="7.150551043575027" height="8.542598073784378" fill="#45aee7" style="transform:matrix(1.81365, 0, 0, 1.81365, 0, 0);animation-play-state:paused" ></rect></g></g>
<g transform="translate(513.8629960062236 0)" style="transform:matrix(1, 0, 0, 1, 513.863, 0);animation-play-state:paused" ><g class="ld ld-fall" style="transform:matrix3d(0.147825, -0.12846, 0.980635, 0, 0.980635, 0.147825, -0.12846, 0, -0.12846, 0.980635, 0.147825, 0, 0, 161.003, 0, 1);animation-play-state:paused;animation-duration:4s;animation-delay:-0.940161s" ><rect x="-4.767249365731501" y="-4.029937595825759" width="9.534498731463001" height="8.059875191651518" fill="#d8f05b" style="transform:matrix(1.89805, 0, 0, 1.89805, 0, 0);animation-play-state:paused" ></rect></g></g>
<g transform="translate(607.3747622117226 0)" style="transform:matrix(1, 0, 0, 1, 607.375, 0);animation-play-state:paused" ><g class="ld ld-fall" style="transform:matrix3d(-0.17595, 0.215407, 0.960542, 0, 0.960542, -0.17595, 0.215407, 0, 0.215407, 0.960542, -0.17595, 0, 0, 596.323, 0, 1);animation-play-state:paused;animation-duration:4s;animation-delay:-3.48218s" ><rect x="-3.6849308135247254" y="-4.984637794449748" width="7.369861627049451" height="9.969275588899496" fill="#0055a5" style="transform:matrix(1.56799, 0, 0, 1.56799, 0, 0);animation-play-state:paused" ></rect></g></g>
<g transform="translate(675.5445741846 0)" style="transform:matrix(1, 0, 0, 1, 675.545, 0);animation-play-state:paused" ><g class="ld ld-fall" style="transform:matrix3d(0.691082, 0.64164, -0.332722, 0, -0.332722, 0.691082, 0.64164, 0, 0.64164, -0.332722, 0.691082, 0, 0, 493.166, 0, 1);animation-play-state:paused;animation-duration:2s;animation-delay:-1.4399s" ><rect x="-3.4254501810266964" y="-3.268768206480259" width="6.850900362053393" height="6.537536412960518" fill="#0055a5" style="transform:matrix(1.26184, 0, 0, 1.26184, 0, 0);animation-play-state:paused" ></rect></g></g>
<g transform="translate(340.25984355239535 0)" style="transform:matrix(1, 0, 0, 1, 340.26, 0);animation-play-state:paused" ><g class="ld ld-fall" style="transform:matrix3d(0.339316, 0.907669, -0.246985, 0, -0.246985, 0.339316, 0.907669, 0, 0.907669, -0.246985, 0.339316, 0, 0, 56.7572, 0, 1);animation-play-state:paused;animation-duration:4s;animation-delay:-0.331429s" ><rect x="-5.246544869839615" y="-4.996907528190159" width="10.49308973967923" height="9.993815056380319" fill="#0055a5" style="transform:matrix(1.41205, 0, 0, 1.41205, 0, 0);animation-play-state:paused" ></rect></g></g>
<g transform="translate(1060.2157583601488 0)" style="transform:matrix(1, 0, 0, 1, 1060.22, 0);animation-play-state:paused" ><g class="ld ld-fall" style="transform:matrix3d(0.139009, 0.982774, -0.121783, 0, -0.121783, 0.139009, 0.982774, 0, 0.982774, -0.121783, 0.139009, 0, 0, 67.8321, 0, 1);animation-play-state:paused;animation-duration:4s;animation-delay:-0.3961s" ><rect x="-4.462706288513488" y="-5.866170693281566" width="8.925412577026975" height="11.732341386563132" fill="#55ad15" style="transform:matrix(1.26353, 0, 0, 1.26353, 0, 0);animation-play-state:paused" ></rect></g></g>
<g transform="translate(602.1186906309498 0)" style="transform:matrix(1, 0, 0, 1, 602.119, 0);animation-play-state:paused" ><g class="ld ld-fall" style="transform:matrix3d(0.828726, 0.471996, -0.300722, 0, -0.300722, 0.828726, 0.471996, 0, 0.471996, -0.300722, 0.828726, 0, 0, 483.309, 0, 1);animation-play-state:paused;animation-duration:2s;animation-delay:-1.41112s" ><rect x="-3.3856623687318557" y="-3.0682617373580823" width="6.771324737463711" height="6.1365234747161646" fill="#55ad15" style="transform:matrix(1.00724, 0, 0, 1.00724, 0, 0);animation-play-state:paused" ></rect></g></g>
<g transform="translate(686.4678866469976 0)" style="transform:matrix(1, 0, 0, 1, 686.468, 0);animation-play-state:paused" ><g class="ld ld-fall" style="transform:matrix3d(-0.332447, 0.695985, 0.636462, 0, 0.636462, -0.332447, 0.695985, 0, 0.695985, 0.636462, -0.332447, 0, 0, 112.293, 0, 1);animation-play-state:paused;animation-duration:4s;animation-delay:-0.655723s" ><rect x="-3.2037219244206625" y="-3.111957738776343" width="6.407443848841325" height="6.223915477552686" fill="#0055a5" style="transform:matrix(1.01481, 0, 0, 1.01481, 0, 0);animation-play-state:paused" ></rect></g></g>
<g transform="translate(1014.7081891298898 0)" style="transform:matrix(1, 0, 0, 1, 1014.71, 0);animation-play-state:paused" ><g class="ld ld-fall" style="transform:matrix3d(0.354546, 0.899785, -0.254331, 0, -0.254331, 0.354546, 0.899785, 0, 0.899785, -0.254331, 0.354546, 0, 0, 55.9268, 0, 1);animation-play-state:paused;animation-duration:2s;animation-delay:-2.16329s" ><rect x="-5.594256394789948" y="-5.074606756967909" width="11.188512789579896" height="10.149213513935818" fill="#ce64a6" style="transform:matrix(1.02346, 0, 0, 1.02346, 0, 0);animation-play-state:paused" ></rect></g></g>
<g transform="translate(422.66675437781686 0)" style="transform:matrix(1, 0, 0, 1, 422.667, 0);animation-play-state:paused" ><g class="ld ld-fall" style="transform:matrix3d(0.800035, -0.312298, 0.512264, 0, 0.512264, 0.800035, -0.312298, 0, -0.312298, 0.512264, 0.800035, 0, 0, 199.431, 0, 1);animation-play-state:paused;animation-duration:4s;animation-delay:-1.16456s" ><rect x="-3.4582619219637785" y="-5.040348803934448" width="6.916523843927557" height="10.080697607868895" fill="#0055a5" style="transform:matrix(2.01547, 0, 0, 2.01547, 0, 0);animation-play-state:paused" ></rect></g></g>
<g transform="translate(141.23287579489062 0)" style="transform:matrix(1, 0, 0, 1, 141.233, 0);animation-play-state:paused" ><g class="ld ld-fall" style="transform:matrix3d(0.565237, 0.758675, -0.323912, 0, -0.323912, 0.565237, 0.758675, 0, 0.758675, -0.323912, 0.565237, 0, 0, 44.1722, 0, 1);animation-play-state:paused;animation-duration:2s;animation-delay:-2.12897s" ><rect x="-5.34978251235535" y="-5.173462458982111" width="10.6995650247107" height="10.346924917964222" fill="#ce64a6" style="transform:matrix(1.66436, 0, 0, 1.66436, 0, 0);animation-play-state:paused" ></rect></g></g>
<g transform="translate(434.7684700584876 0)" style="transform:matrix(1, 0, 0, 1, 434.768, 0);animation-play-state:paused" ><g class="ld ld-fall" style="transform:matrix3d(0.164081, -0.140474, 0.976394, 0, 0.976394, 0.164081, -0.140474, 0, -0.140474, 0.976394, 0.164081, 0, 0, 161.922, 0, 1);animation-play-state:paused;animation-duration:4s;animation-delay:-0.945529s" ><rect x="-5.970775291054986" y="-4.444873389434414" width="11.941550582109972" height="8.889746778868828" fill="#55ad15" style="transform:matrix(1.36058, 0, 0, 1.36058, 0, 0);animation-play-state:paused" ></rect></g></g>
<g transform="translate(1065.3765625097267 0)" style="transform:matrix(1, 0, 0, 1, 1065.38, 0);animation-play-state:paused" ><g class="ld ld-fall" style="transform:matrix3d(-0.191428, 0.23962, 0.951807, 0, 0.951807, -0.191428, 0.23962, 0, 0.23962, 0.951807, -0.191428, 0, 0, 366.653, 0, 1);animation-play-state:paused;animation-duration:4s;animation-delay:-2.14104s" ><rect x="-4.89792589230455" y="-4.72529878926714" width="9.7958517846091" height="9.45059757853428" fill="#d8f05b" style="transform:matrix(1.1507, 0, 0, 1.1507, 0, 0);animation-play-state:paused" ></rect></g></g>
<g transform="translate(553.6493038455081 0)" style="transform:matrix(1, 0, 0, 1, 553.649, 0);animation-play-state:paused" ><g class="ld ld-fall" style="transform:matrix3d(0.609995, 0.72029, -0.330285, 0, -0.330285, 0.609995, 0.72029, 0, 0.72029, -0.330285, 0.609995, 0, 0, 269.865, 0, 1);animation-play-state:paused;animation-duration:2s;animation-delay:-0.787928s" ><rect x="-5.528226522286646" y="-3.706075070749314" width="11.056453044573292" height="7.412150141498628" fill="#45aee7" style="transform:matrix(1.48213, 0, 0, 1.48213, 0, 0);animation-play-state:paused" ></rect></g></g>
<g transform="translate(956.4320649775422 0)" style="transform:matrix(1, 0, 0, 1, 956.432, 0);animation-play-state:paused" ><g class="ld ld-fall" style="transform:matrix3d(0.745472, 0.58107, -0.326542, 0, -0.326542, 0.745472, 0.58107, 0, 0.58107, -0.326542, 0.745472, 0, 0, 32.8639, 0, 1);animation-play-state:paused;animation-duration:4s;animation-delay:-0.191906s" ><rect x="-5.4676086306432605" y="-5.0217127849840875" width="10.935217261286521" height="10.043425569968175" fill="#45aee7" style="transform:matrix(1.58627, 0, 0, 1.58627, 0, 0);animation-play-state:paused" ></rect></g></g>
<g transform="translate(688.3686977002387 0)" style="transform:matrix(1, 0, 0, 1, 688.369, 0);animation-play-state:paused" ><g class="ld ld-fall" style="transform:matrix3d(0.728318, -0.329265, 0.600947, 0, 0.600947, 0.728318, -0.329265, 0, -0.329265, 0.600947, 0.728318, 0, 0, 422.628, 0, 1);animation-play-state:paused;animation-duration:2s;animation-delay:-1.23395s" ><rect x="-5.015493649494079" y="-3.355046215441477" width="10.030987298988158" height="6.710092430882954" fill="#bda0b2" style="transform:matrix(1.71981, 0, 0, 1.71981, 0, 0);animation-play-state:paused" ></rect></g></g>
<g transform="translate(132.63366852916434 0)" style="transform:matrix(1, 0, 0, 1, 132.634, 0);animation-play-state:paused" ><g class="ld ld-fall" style="transform:matrix3d(0.365627, 0.893859, -0.259486, 0, -0.259486, 0.365627, 0.893859, 0, 0.893859, -0.259486, 0.365627, 0, 0, 55.3223, 0, 1);animation-play-state:paused;animation-duration:2s;animation-delay:-0.161525s" ><rect x="-4.521538298197036" y="-5.848655323274608" width="9.043076596394071" height="11.697310646549216" fill="#d8f05b" style="transform:matrix(1.8012, 0, 0, 1.8012, 0, 0);animation-play-state:paused" ></rect></g></g>
<g transform="translate(858.6548020203846 0)" style="transform:matrix(1, 0, 0, 1, 858.655, 0);animation-play-state:paused" ><g class="ld ld-fall" style="transform:matrix3d(0.697096, 0.635281, -0.332377, 0, -0.332377, 0.697096, 0.635281, 0, 0.635281, -0.332377, 0.697096, 0, 0, 264.443, 0, 1);animation-play-state:paused;animation-duration:4s;animation-delay:-1.54419s" ><rect x="-4.649358471070536" y="-3.351744289238617" width="9.298716942141072" height="6.703488578477234" fill="#55ad15" style="transform:matrix(1.81194, 0, 0, 1.81194, 0, 0);animation-play-state:paused" ></rect></g></g>
<g transform="translate(1075.7285054146007 0)" style="transform:matrix(1, 0, 0, 1, 1075.73, 0);animation-play-state:paused" ><g class="ld ld-fall" style="transform:matrix3d(0.675143, 0.658118, -0.333261, 0, -0.333261, 0.675143, 0.658118, 0, 0.658118, -0.333261, 0.675143, 0, 0, 494.186, 0, 1);animation-play-state:paused;animation-duration:4s;animation-delay:-2.88576s" ><rect x="-4.289065718774865" y="-4.045168044038047" width="8.57813143754973" height="8.090336088076095" fill="#55ad15" style="transform:matrix(2.04432, 0, 0, 2.04432, 0, 0);animation-play-state:paused" ></rect></g></g>
<g transform="translate(54.50282420806316 0)" style="transform:matrix(1, 0, 0, 1, 54.5028, 0);animation-play-state:paused" ><g class="ld ld-fall" style="transform:matrix3d(0.540191, -0.31895, 0.778759, 0, 0.778759, 0.540191, -0.31895, 0, -0.31895, 0.778759, 0.540191, 0, 0, 182.715, 0, 1);animation-play-state:paused;animation-duration:4s;animation-delay:-1.06695s" ><rect x="-5.165858535119265" y="-3.305045663021521" width="10.33171707023853" height="6.610091326043042" fill="#55ad15" style="transform:matrix(1.23315, 0, 0, 1.23315, 0, 0);animation-play-state:paused" ></rect></g></g>
<g transform="translate(540.952487857632 0)" style="transform:matrix(1, 0, 0, 1, 540.953, 0);animation-play-state:paused" ><g class="ld ld-fall" style="transform:matrix3d(0.852203, 0.436409, -0.288612, 0, -0.288612, 0.852203, 0.436409, 0, 0.436409, -0.288612, 0.852203, 0, 0, 481.336, 0, 1);animation-play-state:paused;animation-duration:2s;animation-delay:-3.40536s" ><rect x="-3.197575230740081" y="-3.166030200854467" width="6.395150461480162" height="6.332060401708934" fill="#bda0b2" style="transform:matrix(1.51273, 0, 0, 1.51273, 0, 0);animation-play-state:paused" ></rect></g></g>
<g transform="translate(85.96783003968928 0)" style="transform:matrix(1, 0, 0, 1, 85.9678, 0);animation-play-state:paused" ><g class="ld ld-fall" style="transform:matrix3d(-0.267128, 0.884398, 0.38273, 0, 0.38273, -0.267128, 0.884398, 0, 0.884398, 0.38273, -0.267128, 0, 0, 554.501, 0, 1);animation-play-state:paused;animation-duration:2s;animation-delay:-1.61898s" ><rect x="-5.593215279691391" y="-3.6757937598273642" width="11.186430559382782" height="7.3515875196547285" fill="#bda0b2" style="transform:matrix(1.50996, 0, 0, 1.50996, 0, 0);animation-play-state:paused" ></rect></g></g>
<g transform="translate(79.77864399264146 0)" style="transform:matrix(1, 0, 0, 1, 79.7786, 0);animation-play-state:paused" ><g class="ld ld-fall" style="transform:matrix3d(0.634916, 0.697439, -0.332355, 0, -0.332355, 0.634916, 0.697439, 0, 0.697439, -0.332355, 0.634916, 0, 0, 40.0242, 0, 1);animation-play-state:paused;animation-duration:2s;animation-delay:-0.116859s" ><rect x="-3.0433937709265937" y="-3.9155393620624306" width="6.086787541853187" height="7.831078724124861" fill="#bda0b2" style="transform:matrix(1.64007, 0, 0, 1.64007, 0, 0);animation-play-state:paused" ></rect></g></g>
<g transform="translate(316.0796500809411 0)" style="transform:matrix(1, 0, 0, 1, 316.08, 0);animation-play-state:paused" ><g class="ld ld-fall" style="transform:matrix3d(0.655159, 0.678043, -0.333202, 0, -0.333202, 0.655159, 0.678043, 0, 0.678043, -0.333202, 0.655159, 0, 0, 38.7758, 0, 1);animation-play-state:paused;animation-duration:2s;animation-delay:-0.113214s" ><rect x="-4.0679252132894606" y="-3.780153914507239" width="8.135850426578921" height="7.560307829014478" fill="#0055a5" style="transform:matrix(2.0519, 0, 0, 2.0519, 0, 0);animation-play-state:paused" ></rect></g></g>
<g transform="translate(1051.5098529729319 0)" style="transform:matrix(1, 0, 0, 1, 1051.51, 0);animation-play-state:paused" ><g class="ld ld-fall" style="transform:matrix3d(-0.25616, 0.897722, 0.358438, 0, 0.358438, -0.25616, 0.897722, 0, 0.897722, 0.358438, -0.25616, 0, 0, 324.841, 0, 1);animation-play-state:paused;animation-duration:2s;animation-delay:-0.948441s" ><rect x="-3.689201946646797" y="-5.483822259070988" width="7.378403893293594" height="10.967644518141975" fill="#45aee7" style="transform:matrix(1.72867, 0, 0, 1.72867, 0, 0);animation-play-state:paused" ></rect></g></g>
<g transform="translate(575.0013246099157 0)" style="transform:matrix(1, 0, 0, 1, 575.001, 0);animation-play-state:paused" ><g class="ld ld-fall" style="transform:matrix3d(0.787127, 0.529387, -0.316514, 0, -0.316514, 0.787127, 0.529387, 0, 0.529387, -0.316514, 0.787127, 0, 0, 486.542, 0, 1);animation-play-state:paused;animation-duration:2s;animation-delay:-1.42056s" ><rect x="-3.671128630250493" y="-5.273649184490032" width="7.342257260500986" height="10.547298368980064" fill="#ce64a6" style="transform:matrix(0.980009, 0, 0, 0.980009, 0, 0);animation-play-state:paused" ></rect></g></g>
<g transform="translate(527.204574739752 0)" style="transform:matrix(1, 0, 0, 1, 527.205, 0);animation-play-state:paused" ><g class="ld ld-fall" style="transform:matrix3d(-0.192896, 0.950913, 0.241983, 0, 0.241983, -0.192896, 0.950913, 0, 0.950913, 0.241983, -0.192896, 0, 0, 90.1436, 0, 1);animation-play-state:paused;animation-duration:2s;animation-delay:-0.263193s" ><rect x="-4.58142840258369" y="-4.289358716461141" width="9.16285680516738" height="8.578717432922282" fill="#d8f05b" style="transform:matrix(1.95223, 0, 0, 1.95223, 0, 0);animation-play-state:paused" ></rect></g></g>
<g transform="translate(248.49968129992985 0)" style="transform:matrix(1, 0, 0, 1, 248.5, 0);animation-play-state:paused" ><g class="ld ld-fall" style="transform:matrix3d(-0.0957607, 0.989742, 0.106018, 0, 0.106018, -0.0957607, 0.989742, 0, 0.989742, 0.106018, -0.0957607, 0, 0, 82.4942, 0, 1);animation-play-state:paused;animation-duration:4s;animation-delay:-0.481718s" ><rect x="-4.631273844061586" y="-3.978683059467572" width="9.262547688123172" height="7.957366118935144" fill="#55ad15" style="transform:matrix(1.48318, 0, 0, 1.48318, 0, 0);animation-play-state:paused" ></rect></g></g>
<g transform="translate(772.8618680480031 0)" style="transform:matrix(1, 0, 0, 1, 772.862, 0);animation-play-state:paused" ><g class="ld ld-fall" style="transform:matrix3d(0.954969, 0.231106, -0.186075, 0, -0.186075, 0.954969, 0.231106, 0, 0.231106, -0.186075, 0.954969, 0, 0, 13.4333, 0, 1);animation-play-state:paused;animation-duration:4s;animation-delay:-0.0784424s" ><rect x="-3.447639826794329" y="-3.2630224526613754" width="6.895279653588658" height="6.526044905322751" fill="#55ad15" style="transform:matrix(1.76318, 0, 0, 1.76318, 0, 0);animation-play-state:paused" ></rect></g></g>
<g transform="translate(88.30977650288375 0)" style="transform:matrix(1, 0, 0, 1, 88.3098, 0);animation-play-state:paused" ><g class="ld ld-fall" style="transform:matrix3d(0.441624, -0.290494, 0.848871, 0, 0.848871, 0.441624, -0.290494, 0, -0.290494, 0.848871, 0.441624, 0, 0, 633.846, 0, 1);animation-play-state:paused;animation-duration:4s;animation-delay:-3.70129s" ><rect x="-5.962564820529001" y="-5.856192211026184" width="11.925129641058001" height="11.712384422052368" fill="#55ad15" style="transform:matrix(1.70328, 0, 0, 1.70328, 0, 0);animation-play-state:paused" ></rect></g></g>
<g transform="translate(493.0896550010032 0)" style="transform:matrix(1, 0, 0, 1, 493.09, 0);animation-play-state:paused" ><g class="ld ld-fall" style="transform:matrix3d(0.796447, 0.51708, -0.313528, 0, -0.313528, 0.796447, 0.51708, 0, 0.51708, -0.313528, 0.796447, 0, 0, 257.509, 0, 1);animation-play-state:paused;animation-duration:2s;animation-delay:-2.75185s" ><rect x="-3.9019994258929414" y="-4.501417229620031" width="7.803998851785883" height="9.002834459240063" fill="#45aee7" style="transform:matrix(1.68472, 0, 0, 1.68472, 0, 0);animation-play-state:paused" ></rect></g></g>
<g transform="translate(590.4770077152683 0)" style="transform:matrix(1, 0, 0, 1, 590.477, 0);animation-play-state:paused" ><g class="ld ld-fall" style="transform:matrix3d(0.889755, -0.262886, 0.373131, 0, 0.373131, 0.889755, -0.262886, 0, -0.262886, 0.373131, 0.889755, 0, 0, 435.468, 0, 1);animation-play-state:paused;animation-duration:2s;animation-delay:-1.27144s" ><rect x="-3.232242971700727" y="-5.160134715745186" width="6.464485943401454" height="10.320269431490372" fill="#ce64a6" style="transform:matrix(0.983692, 0, 0, 0.983692, 0, 0);animation-play-state:paused" ></rect></g></g>
<g transform="translate(951.5606908017327 0)" style="transform:matrix(1, 0, 0, 1, 951.561, 0);animation-play-state:paused" ><g class="ld ld-fall" style="transform:matrix3d(-0.2622, 0.890596, 0.371603, 0, 0.371603, -0.2622, 0.890596, 0, 0.890596, 0.371603, -0.2622, 0, 0, 97.2262, 0, 1);animation-play-state:paused;animation-duration:2s;animation-delay:-0.283872s" ><rect x="-4.5103181701733" y="-3.499427069419022" width="9.0206363403466" height="6.998854138838044" fill="#0055a5" style="transform:matrix(1.70724, 0, 0, 1.70724, 0, 0);animation-play-state:paused" ></rect></g></g>
<g transform="translate(338.44058962449645 0)" style="transform:matrix(1, 0, 0, 1, 338.441, 0);animation-play-state:paused" ><g class="ld ld-fall" style="transform:matrix3d(-0.233999, 0.920205, 0.313794, 0, 0.313794, -0.233999, 0.920205, 0, 0.920205, 0.313794, -0.233999, 0, 0, 94.0736, 0, 1);animation-play-state:paused;animation-duration:4s;animation-delay:-0.549335s" ><rect x="-5.729531660266827" y="-4.034715996800331" width="11.459063320533653" height="8.069431993600663" fill="#ce64a6" style="transform:matrix(1.84335, 0, 0, 1.84335, 0, 0);animation-play-state:paused" ></rect></g></g>
<g transform="translate(466.7974102944738 0)" style="transform:matrix(1, 0, 0, 1, 466.797, 0);animation-play-state:paused" ><g class="ld ld-fall" style="transform:matrix3d(0.917639, -0.236801, 0.319162, 0, 0.319162, 0.917639, -0.236801, 0, -0.236801, 0.319162, 0.917639, 0, 0, 666.745, 0, 1);animation-play-state:paused;animation-duration:2s;animation-delay:-1.9467s" ><rect x="-5.692765199158358" y="-3.0593935281071962" width="11.385530398316716" height="6.1187870562143925" fill="#45aee7" style="transform:matrix(1.89353, 0, 0, 1.89353, 0, 0);animation-play-state:paused" ></rect></g></g>
<g transform="translate(448.582021084516 0)" style="transform:matrix(1, 0, 0, 1, 448.582, 0);animation-play-state:paused" ><g class="ld ld-fall" style="transform:matrix3d(0.733898, 0.594564, -0.328462, 0, -0.328462, 0.733898, 0.594564, 0, 0.594564, -0.328462, 0.733898, 0, 0, 490.326, 0, 1);animation-play-state:paused;animation-duration:2s;animation-delay:-1.43161s" ><rect x="-5.6062782490309555" y="-3.7902607040854646" width="11.212556498061911" height="7.580521408170929" fill="#0055a5" style="transform:matrix(1.50533, 0, 0, 1.50533, 0, 0);animation-play-state:paused" ></rect></g></g>
<g transform="translate(611.0909417704105 0)" style="transform:matrix(1, 0, 0, 1, 611.091, 0);animation-play-state:paused" ><g class="ld ld-fall" style="transform:matrix3d(0.98216, -0.123751, 0.141591, 0, 0.141591, 0.98216, -0.123751, 0, -0.123751, 0.141591, 0.98216, 0, 0, 219.907, 0, 1);animation-play-state:paused;animation-duration:2s;animation-delay:-0.642065s" ><rect x="-3.8174617487623577" y="-5.592730136656426" width="7.634923497524715" height="11.185460273312852" fill="#d8f05b" style="transform:matrix(1.23371, 0, 0, 1.23371, 0, 0);animation-play-state:paused" ></rect></g></g>
<g transform="translate(172.94595509802045 0)" style="transform:matrix(1, 0, 0, 1, 172.946, 0);animation-play-state:paused" ><g class="ld ld-fall" style="transform:matrix3d(0.847656, -0.291167, 0.443511, 0, 0.443511, 0.847656, -0.291167, 0, -0.291167, 0.443511, 0.847656, 0, 0, 203.272, 0, 1);animation-play-state:paused;animation-duration:4s;animation-delay:-1.18699s" ><rect x="-5.388029970148086" y="-5.6558049930142795" width="10.776059940296172" height="11.311609986028559" fill="#0055a5" style="transform:matrix(1.36817, 0, 0, 1.36817, 0, 0);animation-play-state:paused" ></rect></g></g>
<g transform="translate(778.5570902469776 0)" style="transform:matrix(1, 0, 0, 1, 778.557, 0);animation-play-state:paused" ><g class="ld ld-fall" style="transform:matrix3d(0.695199, -0.332495, 0.637296, 0, 0.637296, 0.695199, -0.332495, 0, -0.332495, 0.637296, 0.695199, 0, 0, 420.434, 0, 1);animation-play-state:paused;animation-duration:4s;animation-delay:-2.45509s" ><rect x="-4.023278823899449" y="-5.696186073400558" width="8.046557647798897" height="11.392372146801115" fill="#55ad15" style="transform:matrix(1.32236, 0, 0, 1.32236, 0, 0);animation-play-state:paused" ></rect></g></g>
<g transform="translate(434.425443199815 0)" style="transform:matrix(1, 0, 0, 1, 434.425, 0);animation-play-state:paused" ><g class="ld ld-fall" style="transform:matrix3d(0.688373, -0.332851, 0.644478, 0, 0.644478, 0.688373, -0.332851, 0, -0.332851, 0.644478, 0.688373, 0, 0, 191.66, 0, 1);animation-play-state:paused;animation-duration:2s;animation-delay:-2.55959s" ><rect x="-5.754903428903208" y="-5.803817628265294" width="11.509806857806415" height="11.607635256530587" fill="#0055a5" style="transform:matrix(1.04118, 0, 0, 1.04118, 0, 0);animation-play-state:paused" ></rect></g></g>
<g transform="translate(896.9363959283061 0)" style="transform:matrix(1, 0, 0, 1, 896.936, 0);animation-play-state:paused" ><g class="ld ld-fall" style="transform:matrix3d(0.396639, 0.876422, -0.273061, 0, -0.273061, 0.396639, 0.876422, 0, 0.876422, -0.273061, 0.396639, 0, 0, 53.6273, 0, 1);animation-play-state:paused;animation-duration:2s;animation-delay:-0.156576s" ><rect x="-5.83785239298107" y="-4.466974802240349" width="11.67570478596214" height="8.933949604480699" fill="#45aee7" style="transform:matrix(1.45851, 0, 0, 1.45851, 0, 0);animation-play-state:paused" ></rect></g></g>
<g transform="translate(972.399535022794 0)" style="transform:matrix(1, 0, 0, 1, 972.4, 0);animation-play-state:paused" ><g class="ld ld-fall" style="transform:matrix3d(0.994078, 0.0797469, -0.0738246, 0, -0.0738246, 0.994078, 0.0797469, 0, 0.0797469, -0.0738246, 0.994078, 0, 0, 233.181, 0, 1);animation-play-state:paused;animation-duration:4s;animation-delay:-1.36164s" ><rect x="-4.811084600948175" y="-5.965057859748483" width="9.62216920189635" height="11.930115719496966" fill="#bda0b2" style="transform:matrix(1.83309, 0, 0, 1.83309, 0, 0);animation-play-state:paused" ></rect></g></g>
<g transform="translate(925.2972382004127 0)" style="transform:matrix(1, 0, 0, 1, 925.297, 0);animation-play-state:paused" ><g class="ld ld-fall" style="transform:matrix3d(0.996636, 0.0596078, -0.0562439, 0, -0.0562439, 0.996636, 0.0596078, 0, 0.0596078, -0.0562439, 0.996636, 0, 0, 231.986, 0, 1);animation-play-state:paused;animation-duration:2s;animation-delay:-2.67733s" ><rect x="-4.347922021029394" y="-5.4578530141934145" width="8.695844042058788" height="10.915706028386829" fill="#45aee7" style="transform:matrix(1.28239, 0, 0, 1.28239, 0, 0);animation-play-state:paused" ></rect></g></g>
<g transform="translate(65.0303650922835 0)" style="transform:matrix(1, 0, 0, 1, 65.0304, 0);animation-play-state:paused" ><g class="ld ld-fall" style="transform:matrix3d(-0.331307, 0.710632, 0.620675, 0, 0.620675, -0.331307, 0.710632, 0, 0.710632, 0.620675, -0.331307, 0, 0, 111.333, 0, 1);animation-play-state:paused;animation-duration:4s;animation-delay:-0.650118s" ><rect x="-5.5264255973372896" y="-3.7311890629669504" width="11.052851194674579" height="7.462378125933901" fill="#bda0b2" style="transform:matrix(1.83311, 0, 0, 1.83311, 0, 0);animation-play-state:paused" ></rect></g></g>
<g transform="translate(748.5886873150627 0)" style="transform:matrix(1, 0, 0, 1, 748.589, 0);animation-play-state:paused" ><g class="ld ld-fall" style="transform:matrix3d(0.897635, 0.358601, -0.256236, 0, -0.256236, 0.897635, 0.358601, 0, 0.358601, -0.256236, 0.897635, 0, 0, 20.4055, 0, 1);animation-play-state:paused;animation-duration:4s;animation-delay:-0.119156s" ><rect x="-5.950524495445688" y="-5.015894811625006" width="11.901048990891375" height="10.031789623250011" fill="#ce64a6" style="transform:matrix(0.91633, 0, 0, 0.91633, 0, 0);animation-play-state:paused" ></rect></g></g>
<g transform="translate(115.9263953324507 0)" style="transform:matrix(1, 0, 0, 1, 115.926, 0);animation-play-state:paused" ><g class="ld ld-fall" style="transform:matrix3d(0.248176, 0.948533, -0.196709, 0, -0.196709, 0.248176, 0.948533, 0, 0.948533, -0.196709, 0.248176, 0, 0, 61.738, 0, 1);animation-play-state:paused;animation-duration:4s;animation-delay:-0.360514s" ><rect x="-3.2091231183141318" y="-5.907130654127277" width="6.4182462366282635" height="11.814261308254554" fill="#d8f05b" style="transform:matrix(1.75212, 0, 0, 1.75212, 0, 0);animation-play-state:paused" ></rect></g></g>
<g transform="translate(725.8721438319338 0)" style="transform:matrix(1, 0, 0, 1, 725.872, 0);animation-play-state:paused" ><g class="ld ld-fall" style="transform:matrix3d(-0.0959418, 0.106241, 0.989701, 0, 0.989701, -0.0959418, 0.106241, 0, 0.106241, 0.989701, -0.0959418, 0, 0, 145.826, 0, 1);animation-play-state:paused;animation-duration:2s;animation-delay:-2.42577s" ><rect x="-4.938081155629735" y="-3.0199892751146127" width="9.87616231125947" height="6.039978550229225" fill="#0055a5" style="transform:matrix(0.928862, 0, 0, 0.928862, 0, 0);animation-play-state:paused" ></rect></g></g>
<g transform="translate(714.2593364257987 0)" style="transform:matrix(1, 0, 0, 1, 714.259, 0);animation-play-state:paused" ><g class="ld ld-fall" style="transform:matrix3d(-0.25071, 0.90375, 0.34696, 0, 0.34696, -0.25071, 0.90375, 0, 0.90375, 0.34696, -0.25071, 0, 0, 552.548, 0, 1);animation-play-state:paused;animation-duration:2s;animation-delay:-1.61328s" ><rect x="-3.564028038514679" y="-5.377453190189667" width="7.128056077029358" height="10.754906380379333" fill="#bda0b2" style="transform:matrix(0.981647, 0, 0, 0.981647, 0, 0);animation-play-state:paused" ></rect></g></g>
<g transform="translate(985.6117799148358 0)" style="transform:matrix(1, 0, 0, 1, 985.612, 0);animation-play-state:paused" ><g class="ld ld-fall" style="transform:matrix3d(0.817614, 0.487976, -0.305591, 0, -0.305591, 0.817614, 0.487976, 0, 0.487976, -0.305591, 0.817614, 0, 0, 27.5349, 0, 1);animation-play-state:paused;animation-duration:4s;animation-delay:-0.160788s" ><rect x="-5.702152724061119" y="-5.233002940788004" width="11.404305448122239" height="10.466005881576008" fill="#ce64a6" style="transform:matrix(1.18901, 0, 0, 1.18901, 0, 0);animation-play-state:paused" ></rect></g></g>
<g transform="translate(502.8966304844251 0)" style="transform:matrix(1, 0, 0, 1, 502.897, 0);animation-play-state:paused" ><g class="ld ld-fall" style="transform:matrix3d(0.878544, -0.271526, 0.392982, 0, 0.392982, 0.878544, -0.271526, 0, -0.271526, 0.392982, 0.878544, 0, 0, 206.05, 0, 1);animation-play-state:paused;animation-duration:2s;animation-delay:-0.601605s" ><rect x="-4.038770613377363" y="-5.844640256800185" width="8.077541226754725" height="11.68928051360037" fill="#d8f05b" style="transform:matrix(1.23598, 0, 0, 1.23598, 0, 0);animation-play-state:paused" ></rect></g></g>
<g transform="translate(165.50178527757603 0)" style="transform:matrix(1, 0, 0, 1, 165.502, 0);animation-play-state:paused" ><g class="ld ld-fall" style="transform:matrix3d(-0.0695181, 0.0747412, 0.994777, 0, 0.994777, -0.0695181, 0.0747412, 0, 0.0747412, 0.994777, -0.0695181, 0, 0, 147.67, 0, 1);animation-play-state:paused;animation-duration:2s;animation-delay:-0.431154s" ><rect x="-3.366238079113787" y="-5.218625838938215" width="6.732476158227574" height="10.43725167787643" fill="#0055a5" style="transform:matrix(1.97549, 0, 0, 1.97549, 0, 0);animation-play-state:paused" ></rect></g></g>
<g transform="translate(574.0432777854993 0)" style="transform:matrix(1, 0, 0, 1, 574.043, 0);animation-play-state:paused" ><g class="ld ld-fall" style="transform:matrix3d(0.2597, -0.203668, 0.943968, 0, 0.943968, 0.2597, -0.203668, 0, -0.203668, 0.943968, 0.2597, 0, 0, 167.228, 0, 1);animation-play-state:paused;animation-duration:2s;animation-delay:-0.488257s" ><rect x="-5.91599214874903" y="-4.653257859682795" width="11.83198429749806" height="9.30651571936559" fill="#55ad15" style="transform:matrix(1.23614, 0, 0, 1.23614, 0, 0);animation-play-state:paused" ></rect></g></g>
<g transform="translate(767.3663496578661 0)" style="transform:matrix(1, 0, 0, 1, 767.366, 0);animation-play-state:paused" ><g class="ld ld-fall" style="transform:matrix3d(0.0422996, -0.0405801, 0.998281, 0, 0.998281, 0.0422996, -0.0405801, 0, -0.0405801, 0.998281, 0.0422996, 0, 0, 611.5, 0, 1);animation-play-state:paused;animation-duration:2s;animation-delay:-1.7854s" ><rect x="-5.848227993181819" y="-5.662459367536803" width="11.696455986363638" height="11.324918735073606" fill="#ce64a6" style="transform:matrix(2.01722, 0, 0, 2.01722, 0, 0);animation-play-state:paused" ></rect></g></g>
<g transform="translate(1069.9723594189368 0)" style="transform:matrix(1, 0, 0, 1, 1069.97, 0);animation-play-state:paused" ><g class="ld ld-fall" style="transform:matrix3d(0.41138, 0.86769, -0.27907, 0, -0.27907, 0.41138, 0.86769, 0, 0.86769, -0.27907, 0.41138, 0, 0, 509.486, 0, 1);animation-play-state:paused;animation-duration:2s;animation-delay:-1.48755s" ><rect x="-5.226990799593416" y="-5.564587253517043" width="10.453981599186832" height="11.129174507034087" fill="#d8f05b" style="transform:matrix(1.47628, 0, 0, 1.47628, 0, 0);animation-play-state:paused" ></rect></g></g>
<g transform="translate(29.045078595453294 0)" style="transform:matrix(1, 0, 0, 1, 29.0451, 0);animation-play-state:paused" ><g class="ld ld-fall" style="transform:matrix3d(-0.288537, 0.852335, 0.436202, 0, 0.436202, -0.288537, 0.852335, 0, 0.852335, 0.436202, -0.288537, 0, 0, 100.769, 0, 1);animation-play-state:paused;animation-duration:4s;animation-delay:-0.588431s" ><rect x="-4.673054431365761" y="-4.212079931256014" width="9.346108862731523" height="8.424159862512028" fill="#0055a5" style="transform:matrix(1.38934, 0, 0, 1.38934, 0, 0);animation-play-state:paused" ></rect></g></g>
<g transform="translate(1041.2073265060271 0)" style="transform:matrix(1, 0, 0, 1, 1041.21, 0);animation-play-state:paused" ><g class="ld ld-fall" style="transform:matrix3d(0.407915, 0.869768, -0.277684, 0, -0.277684, 0.407915, 0.869768, 0, 0.869768, -0.277684, 0.407915, 0, 0, 509.676, 0, 1);animation-play-state:paused;animation-duration:4s;animation-delay:-2.97621s" ><rect x="-4.377591261234589" y="-4.338409387450848" width="8.755182522469179" height="8.676818774901696" fill="#d8f05b" style="transform:matrix(1.69902, 0, 0, 1.69902, 0, 0);animation-play-state:paused" ></rect></g></g>
<g transform="translate(522.8225307000483 0)" style="transform:matrix(1, 0, 0, 1, 522.823, 0);animation-play-state:paused" ><g class="ld ld-fall" style="transform:matrix3d(-0.15167, 0.971957, 0.179713, 0, 0.179713, -0.15167, 0.971957, 0, 0.971957, 0.179713, -0.15167, 0, 0, 543.356, 0, 1);animation-play-state:paused;animation-duration:4s;animation-delay:-3.17288s" ><rect x="-3.5646511715100475" y="-5.400080197863614" width="7.129302343020095" height="10.800160395727229" fill="#bda0b2" style="transform:matrix(0.97835, 0, 0, 0.97835, 0, 0);animation-play-state:paused" ></rect></g></g>
<g transform="translate(891.0130969476936 0)" style="transform:matrix(1, 0, 0, 1, 891.013, 0);animation-play-state:paused" ><g class="ld ld-fall" style="transform:matrix3d(0.990402, 0.102416, -0.0928175, 0, -0.0928175, 0.990402, 0.102416, 0, 0.102416, -0.0928175, 0.990402, 0, 0, 6.17397, 0, 1);animation-play-state:paused;animation-duration:4s;animation-delay:-0.0360524s" ><rect x="-3.5590471006577724" y="-3.957268381722611" width="7.118094201315545" height="7.914536763445222" fill="#d8f05b" style="transform:matrix(1.1927, 0, 0, 1.1927, 0, 0);animation-play-state:paused" ></rect></g></g>
<g transform="translate(547.9159061104865 0)" style="transform:matrix(1, 0, 0, 1, 547.916, 0);animation-play-state:paused" ><g class="ld ld-fall" style="transform:matrix3d(0.83154, -0.299405, 0.467865, 0, 0.467865, 0.83154, -0.299405, 0, -0.299405, 0.467865, 0.83154, 0, 0, 658.588, 0, 1);animation-play-state:paused;animation-duration:4s;animation-delay:-3.84577s" ><rect x="-5.821061651500537" y="-5.947552304133228" width="11.642123303001075" height="11.895104608266456" fill="#bda0b2" style="transform:matrix(1.13971, 0, 0, 1.13971, 0, 0);animation-play-state:paused" ></rect></g></g>
<g transform="translate(933.1031250316458 0)" style="transform:matrix(1, 0, 0, 1, 933.103, 0);animation-play-state:paused" ><g class="ld ld-fall" style="transform:matrix3d(0.733664, -0.328497, 0.594834, 0, 0.594834, 0.733664, -0.328497, 0, -0.328497, 0.594834, 0.733664, 0, 0, 422.991, 0, 1);animation-play-state:paused;animation-duration:2s;animation-delay:-1.23501s" ><rect x="-3.5415789517591367" y="-4.3408999926567695" width="7.0831579035182735" height="8.681799985313539" fill="#bda0b2" style="transform:matrix(1.25023, 0, 0, 1.25023, 0, 0);animation-play-state:paused" ></rect></g></g>
<g transform="translate(795.5449377898584 0)" style="transform:matrix(1, 0, 0, 1, 795.545, 0);animation-play-state:paused" ><g class="ld ld-fall" style="transform:matrix3d(-0.330124, 0.721648, 0.608475, 0, 0.608475, -0.330124, 0.721648, 0, 0.721648, 0.608475, -0.330124, 0, 0, 338.933, 0, 1);animation-play-state:paused;animation-duration:2s;animation-delay:-0.989584s" ><rect x="-5.2604797635308955" y="-3.3609917717711477" width="10.520959527061791" height="6.721983543542295" fill="#0055a5" style="transform:matrix(1.49255, 0, 0, 1.49255, 0, 0);animation-play-state:paused" ></rect></g></g>
<g transform="translate(360.9512835926706 0)" style="transform:matrix(1, 0, 0, 1, 360.951, 0);animation-play-state:paused" ><g class="ld ld-fall" style="transform:matrix3d(0.745059, 0.581558, -0.326616, 0, -0.326616, 0.745059, 0.581558, 0, 0.581558, -0.326616, 0.745059, 0, 0, 489.559, 0, 1);animation-play-state:paused;animation-duration:2s;animation-delay:-1.42937s" ><rect x="-4.027447889498417" y="-5.321422957137393" width="8.054895778996833" height="10.642845914274787" fill="#ce64a6" style="transform:matrix(1.41648, 0, 0, 1.41648, 0, 0);animation-play-state:paused" ></rect></g></g>
<g transform="translate(813.3873395186142 0)" style="transform:matrix(1, 0, 0, 1, 813.387, 0);animation-play-state:paused" ><g class="ld ld-fall" style="transform:matrix3d(-0.266525, 0.381348, 0.885177, 0, 0.885177, -0.266525, 0.381348, 0, 0.381348, 0.885177, -0.266525, 0, 0, 130.575, 0, 1);animation-play-state:paused;animation-duration:4s;animation-delay:-0.762481s" ><rect x="-5.867358924078936" y="-4.68355807379127" width="11.734717848157873" height="9.36711614758254" fill="#bda0b2" style="transform:matrix(1.87437, 0, 0, 1.87437, 0, 0);animation-play-state:paused" ></rect></g></g>
<g transform="translate(625.5333174001684 0)" style="transform:matrix(1, 0, 0, 1, 625.533, 0);animation-play-state:paused" ><g class="ld ld-fall" style="transform:matrix3d(0.492129, 0.814669, -0.306797, 0, -0.306797, 0.492129, 0.814669, 0, 0.814669, -0.306797, 0.492129, 0, 0, 276.677, 0, 1);animation-play-state:paused;animation-duration:4s;animation-delay:-1.61563s" ><rect x="-3.9974992160572036" y="-4.740712923918089" width="7.994998432114407" height="9.481425847836178" fill="#d8f05b" style="transform:matrix(1.0031, 0, 0, 1.0031, 0, 0);animation-play-state:paused" ></rect></g></g>
<g transform="translate(274.844409559968 0)" style="transform:matrix(1, 0, 0, 1, 274.844, 0);animation-play-state:paused" ><g class="ld ld-fall" style="transform:matrix3d(0.761237, 0.562109, -0.323346, 0, -0.323346, 0.761237, 0.562109, 0, 0.562109, -0.323346, 0.761237, 0, 0, 488.424, 0, 1);animation-play-state:paused;animation-duration:4s;animation-delay:-2.85211s" ><rect x="-4.812613106445034" y="-3.637509073794347" width="9.625226212890068" height="7.275018147588694" fill="#45aee7" style="transform:matrix(1.87296, 0, 0, 1.87296, 0, 0);animation-play-state:paused" ></rect></g></g>
